kinematics:
  shoulder:
    x: 0
    y: 0
    z: 0.1812369595612139
    roll: -0
    pitch: 0
    yaw: -5.681537116101164e-08
  upper_arm:
    x: -8.792654051589253e-05
    y: 0
    z: 0
    roll: 1.571234322931965
    pitch: 0
    yaw: -2.65322894683893e-06
  forearm:
    x: -0.6121801947349813
    y: 0
    z: 0
    roll: 0.0006685683672481053
    pitch: 0.0009626857853689462
    yaw: 2.732284048217955e-06
  wrist_1:
    x: -0.5709010104944168
    y: 0.0002966689356048516
    z: 0.1743837597536871
    roll: 3.139891413463903
    pitch: 3.140677396542519
    yaw: 3.141591156697404
  wrist_2:
    x: 4.867185823864961e-05
    y: -0.1198472927249651
    z: -2.274947659575111e-05
    roll: 1.57098614732238
    pitch: 0
    yaw: 1.097571004999014e-06
  wrist_3:
    x: -0.0001284994478715255
    y: 0.1156303551619035
    z: -4.089221096405905e-06
    roll: 1.57076096219631
    pitch: 3.141592653589793
    yaw: 3.141592581057134
  hash: calib_632269210291623870